1297367 199118003
1300589 196015004
1300595 196015002
1301703 196022002
1301726 199125001
1301732 196022004
1301755 199125002
1301761 199125003
1301844 196022009
1302536 196010001
1316395 197050001
1316403 197050003
1316426 197050004
1316432 197050005
1316449 197050006
1316857 197055001
1318193 196007004
1319784 198058002
1320066 198066001
1320072 198066002
1320089 198066005
1320095 198066008
1320103 198066011
1320178 197031036
1320480 100163002
1320706 199118007
1324615 198081003
1324851 199114002
1325218 198073002
1326850 196005006
1328814 196007008
1329452 199112001
1329469 199112002
1330596 196007006
1331561 197055002
1333100 101171001
1337167 199119003
1337428 100129001
1340028 102222001
1341602 198080001
1344397 197050011
1344405 197050012
1344411 196022012
1345847 100142004
1346700 197053003
1349124 196008038
1349130 196008039
1349354 101171007
1349360 101171008
2420775 196015005
2423472 101172003
2424075 199119001
2424589 198063003
2424595 198063006
2424684 101185002
2427820 101189001
2427895 100134006
2427978 101199001
2428989 102206003
2429687 100142009
2430319 101188001
2431425 196007020
2432643 102212029
2432672 102212038
2432689 102212042
2432761 102201001
2432784 102201003
2436411 102221006
2436612 102221008
2436842 102220002
2436894 102220004
2436977 199126003
2438031 101171009
2438048 101171010
2439823 195001021
2440648 102219007
2441369 101200001
2441429 102201005
2441435 102201006
2443687 103247001
2447366 104276007
2447389 104276012
2448555 101188004
2449000 100165007
2449460 104278002
2449477 104278005
2449974 196012011
2449980 196012009
2450606 101198010
2450641 103262002
2451586 102233011
2451652 102230006
2451669 102233006
2452574 195001033
2452580 195001034
2452597 195001035
2452812 103267006
2454082 104276006
2454099 104276011
2456980 101189002
2459642 104273001
2459949 103261002
2461099 199108001
2467328 104307005
2467340 104307009
2467386 104307006
2467400 104307007
2468374 105311002
2468380 105311003
2468523 197044003
2469528 105308001
2470052 104285008
2472447 199126017
2473211 105320001
2475598 105318001
2475871 105329005
2475888 105329004
2475894 105329003
2475902 105329002
2477628 105331001
2478036 105331002
2478042 105331004
2478059 105331005
2478065 105331007
2478071 105331008
2478088 105331010
2478094 105331011
2478390 198063007
2478421 199126013
2479107 106342001
2479308 106338001
2715453 197033003
3500223 106343003
3500246 106343004
3500312 103265005
3501174 104285001
3501576 103255005
3502216 106340001
3502937 101172004
3503546 106346001
3505019 197047004
3505025 197047005
3505031 197047006
3505048 197047007
3505574 106354005
3506562 106359001
3506579 106359002
3506585 106359003
3506591 106359004
3507538 195003005
3509827 107391001
3509833 107391002
3509856 107391003
3509862 107391004
3510374 104285032
3513326 107389002
3513332 107389003
3513355 107418003
3513378 107418008
3514461 108442005
3514478 108442008
3514484 108442006
3514509 108442002
3515213 198066035
3515236 198066036
3515242 198066040
3515259 107405021
3515265 107405022
3515288 107405032
3515911 100160063
3515928 100160065
3517229 107414002
3517235 107414003
3517241 107414005
3518335 107436001
3518944 107412002
3518950 107412004
3518967 107412006
3518973 107412008
3518996 107412010
3519004 107412012
3519010 107412014
3519027 107412016
3519317 107387001
3519323 107387005
3519346 107387007
3520875 107434003
3521805 108442001
3523939 102219024
3523945 102219022
3524198 103267008
3525559 199108003
3526085 108444002
3526091 108444006
3526501 108463001
3526553 105331038
3526576 105331040
3526582 105331047
3526599 105331049
3526872 108446001
3526889 108446002
3526895 108446003
3527481 108461001
3529882 108472005
3529899 108472006
3529907 108472007
3531442 108482001
3533263 195003008
3534742 106380002
3534825 108479002
3534831 108479003
3536936 108492001
3536942 108492003
3536959 108492005
3537261 196007031
3537278 196007033
3537284 196007035
3537628 108442011
3537686 108504001
3537692 108504002
3537746 108481002
3538237 198096013
3538243 198096014
3538266 198096015
3538272 198096016
3538289 198096017
3538303 198096019
3538326 198096020
3538332 198096021
3538355 108503002
3538378 108503009
3538823 105319018
3538846 105319024
3539685 198063008
3539691 198063009
3540027 108495003
3540033 108495007
3540056 109591001
3540174 197050026
3540180 197050023
3540197 197050022
3540205 197050019
3540211 197050020
3540228 197050016
3540234 197050017
3540240 197050013
3541908 108462007
3541914 108462001
3541937 108462009
3541943 108462003
3541972 108462011
3541989 108462005
3542753 109529002
3542799 108446004
3543882 198096024
3543899 198096025
3544077 109538001
3544083 109538004
3544692 109521003
3544700 109521006
3544723 199126020
3544918 109546001
3544930 109546003
3545705 109545005
3545711 109545006
3545906 109544001
3548164 109573016
3548170 109573022
3548187 109573028
3548193 109573032
3548201 109573033
3548230 109573026
3548365 108497006
3548371 108497008
3548388 108497005
3548394 108497007
3549347 101185079
3549353 101185081
3549376 101185083
3549382 101185085
3549399 101185087
3549407 101185089
3549413 101185091
3549436 101185095
3549442 101185096
3549459 101185098
3721355 107402001
3756483 102227004
3756810 109591003
3757620 108476006
3759286 109524001
3759748 110612001
3759754 110612002
3759760 110612004
3759777 110612005
3759955 109573014
3759961 109573020
3760237 108494003
3760243 108494004
3760527 196016005
3761395 108447001
3761426 108447003
3762176 108442010
3762609 197055004
3762615 197055008
3763023 110631002
3763046 110631005
3763052 110631008
3764293 102205003
3764436 110648002
3764459 110648009
3764471 110648016
3764494 110648023
3764554 110636002
3764695 110618003
3766116 101171013
3766122 101171014
3766843 110646002
3770690 101185061
3770709 101185063
3770715 101185064
3770721 101185065
3770738 101185066
3770744 101185055
3770750 101185056
3771181 110655003
3771198 110655004
3771502 102222005
3771962 110652002
3772654 107438004
3772714 108447005
3772720 108447009
3773688 110646005
3773702 198063013
3773719 198063016
3775954 111672001
3775960 111672002
3775977 111672003
3775983 111672004
3776008 111672005
3776480 108468002
3779225 197033005
3779691 111691001
3779716 111691002
3779722 111691003
3780493 111687002
3780501 111687005
3780518 111687006
3780524 111687012
3781357 111702014
3781386 111702029
3781392 111702001
3781707 111692001
3781883 111707004
3781908 111707002
3782109 109562002
3782115 109562004
3783008 111700001
3783014 111700002
3783468 111703001
3784953 112751001
3785786 108472011
3785792 108472012
3785800 108472013
3785823 108472017
3785846 108472018
3787325 111713002
3787348 111713012
3787354 111713014
3787644 111717001
3788218 199103006
3788224 199103007
3788365 111737001
3901583 111736001
3901956 111731002
3901979 111731008
3902163 107410048
3902186 107410054
3902192 107410055
3902252 110641001
3903429 107438001
3903599 111739002
3903607 111739004
3904469 111712003
3904475 111712005
3904481 111712010
3904498 111712012
3904506 111712017
3904512 111712019
3904529 111712024
3904535 111712026
3904989 111693001
3904995 111693002
3905003 111693006
3905026 111693010
3905032 111693014
3905724 197053004
3905919 111745002
3905925 111745006
3906008 111733004
3906563 112776001
3906592 112776002
3906600 112776003
3906617 112776006
3906646 112776009
3906824 113848001
3906847 112780018
3906853 112780020
3906876 112780004
3906882 112780006
3907404 111743001
3907410 111743002
3907427 111743007
3907433 111743012
3908757 109525003
3908763 109525005
3908800 109525011
3908823 109525017
3908852 109525023
3909484 111722003
3909490 111722013
3909509 111722023
3909739 112776012
3909751 112776015
3910010 111669001
3910033 111669003
3910056 111669004
3910079 196005004
3910889 112795006
3910895 112795007
3911676 112788003
3912747 109599001
3912753 109599002
3912776 109599006
3912782 109599010
3912799 109599014
3915958 112778002
3915964 112781002
3916053 107389008
3916372 106380007
3916981 112783002
3917992 111691007
3918000 111691009
3919034 112798002
3919301 102205006
3919620 100142015
3919873 199103009
3920439 112801002
3920735 198066044
3920942 112762020
3920959 112762027
3921717 112799002
3921723 112799014
3921835 112799025
3921841 112799027
3922220 106332010
3922237 106332011
3922912 112809001
3922929 112809003
3922935 112809008
3922941 112809010
3923136 107410046
3923739 112807004
3923745 112807007
3924147 113879003
3924153 113879006
3924176 113879009
3924377 113830001
3925052 108446007
3925313 106340004
3925709 113837001
3925715 113837002
3926672 107391005
3927269 111702015
3927275 111702030
3928062 113856001
3928197 114930005
3928205 114930003
3928547 111713015
3928576 111713035
3928642 113886002
3928719 113865001
3928725 113865002
3928731 113865004
3928748 113865003
3929363 113866002
3929386 113866004
3929498 113893002
3929506 113844012
3929512 113844021
3929529 113843005
3929535 113843017
3929541 113842003
3929558 113842021
3929601 110612007
3929618 110612008
3930314 109546005
3930320 109546007
3930627 114931002
3930662 114931005
3930679 114931006
3930685 113892001
3930691 114898002
3930892 114930014
3930900 114930012
3931153 113888001
3931176 113888002
3931182 113888003
3931207 113888005
3931213 113888006
3931911 113880014
3931928 113880001
3931934 113880015
3931940 113880009
3932359 113882001
3932603 113907004
3932626 113907007
3932632 113907010
3932649 113907013
3932655 113907005
3932661 113907008
3932678 113907011
3932684 113907014
4131590 112782001
4200210 113900003
4200233 113900009
4200836 106332013
4200842 106332014
4200859 106332016
4200865 106332017
4200871 113907001
4201155 108492007
4201882 113854001
4201899 113854002
4201907 113854003
4204337 114923001
4204596 114980002
4204604 114980003
4204610 114980004
4204627 114980005
4205414 114934002
4205420 114934005
4205437 114934001
4205443 114934003
4205667 114954002
4205673 114954004
4205868 114922002
4206431 199119024
4206603 113840001
4206626 113840003
4206632 113840004
4206649 113840005
4206684 113840002
4206974 199117003
4206980 199117004
4207146 114935001
4207181 114935005
4207206 114935007
4207264 114936001
4207270 114936002
4207287 114936003
4207293 114936004
4207689 114940001
4208252 114963001
4208370 114938001
4208387 114938002
4208921 115993016
4208938 115993004
4208944 115993005
4208973 115993017
4208996 115993018
4209369 114946002
4209375 114946004
4209412 103271017
4209429 103271018
4209435 103271019
4209441 103271020
4209458 103271015
4209464 103271016
4209955 114964001
4210102 114956007
4210220 113853001
4210237 113853002
4210243 113853003
4210935 114962004
4210941 114962005
4211030 100133034
4211047 114979002
4211053 114979004
4211076 114979003
4211627 114974001
42117741151002001
42119751151003005
42119981151003014
42120121151003023
42120351151003032
4212041 114981001
4212058 114981002
4213402 107391006
4213419 107391009
4213537 115991001
4214353 114974003
42166711151076012
42166881151076014
42166941151076016
42167021151076008
42167191151076010
42173401151029015
42173571151029019
42173631151029029
42173861151029033
42173921151029048
42174001151029052
42175121151058001
42175291151058002
42175351151058003
42175411151058006
4217558 112798005
42183161161146005
42183391161146014
42212641151016003
4221399 114977002
4221407 114977004
42221861151031002
42222171151031008
4222335 110615025
4222341 110615026
4222358 110615027
4222364 110615028
4222370 110615029
4222387 110615030
4222393 110615031
4222401 110615032
4222418 110615033
4222424 110615034
4222430 110615035
4223582 113882006
42236651151027001
42236711151027002
42236941151027006
42237021151027013
42237191151027017
42237251151027023
42237481151027035
42237541151027039
42237601151027045
42237831151027057
42238141151027078
42239901151027025
42240381151027047
42240441151027060
42240731151027080
4225351 114975001
4225368 114975003
4225919 113859003
4225925 113859014
4225931 113859025
4226155 103256013
4226161 103256017
42267641151048001
42272901151006001
4227580 113835002
4227597 113835011
4227605 113835015
4227640 113845015
4227657 113845024
4227663 113845025
4227686 113845028
4227692 113845029
42278291151061001
42284441151027003
4228680 113862003
42289931151045007
42290011151045008
42290301151045013
42290471151045014
42290821151045019
42290991151045020
42302341151059001
4230240 112782003
4230257 112782004
4231564 107410028
4231570 107410030
4231587 107410034
4231593 107410036
42320031161086001
42320261161086002
4232434 115990001
4279677 114943004
43535111151000002
43535281151000004
43535341151000007
43535401151000010
43535571151000013
44510761161098001
44510821161098002
44510991161098003
44511071161098004
44511131161098005
4451573 101198014
44531931151085004
44532011151085001
4453299 114971007
4453307 114971008
4453313 114971009
4453336 114971010
44559731161116001
44560041161108002
44560911161138002
44561221161138004
44561391161138005
44561451161138006
44561511161138007
4456369 108494005
44584281161125001
44584341161125002
4459161 113832002
4459178 113832001
4460282 112808008
4460307 112808017
44609511161137001
44620741161169001
44622231151074001
44622461151074002
44622521161106001
44622691161106002
44622751161106003
44630621161158001
44630791161158002
44630851161158003
44630911161158004
44631161161158005
44631221161158006
4463286 113832006
4463292 113832005
44635761161133001
44637831161170001
44638081161170002
44638141161170009
44638201161170010
44641851171178003
4465902 107431055
4465919 107431057
4465925 107431059
4465931 107431061
4465948 107431063
4465954 107431065
4465960 107431067
4465977 107431069
4465983 107431072
4466008 107431074
4466014 107431077
4466847 109564004
4468208 111688001
44693081171208002
44706591171213001
44712221171212001
44712391171212002
44712451171212004
4471481 199126023
44716301171193001
44716471171193002
44716531171193003
4471699 111700003
44718021171221001
44718191171221003
44718251171221005
44721211171231001
4472150 107436006
44721731161103001
44721961161103002
44722041161103003
44722101161103006
44722331161155001
4473072 111667016
4473095 111667018
44739591171229018
44739651171229006
44748351171234001
4474858 111700004
44758751171236002
4477064 103256022
44770871181270003
44775551171252001
44787381151011001
44787441151011003
44787501151011011
44787671151011014
44787731151011018
44787961151011021
44788041151011035
44788101151011038
44788271151011042
44788331151011045
44788561151011057
44788621151011059
44788791151011069
44788851151011072
44789971171238001
4479488 110636008
44797321151059005
4480215 114959003
4480221 114959005
44806001171178007
44806521171195003
44806691171195007
44806751171195011
44806981181271001
44807061181271002
44807121181271003
44807291181271004
44816861171244002
44816921171244012
44817001171244016
44817171171244022
44821831161132002
44822201161132035
44822371161132004
44822891161132006
44822951161132045
44823551161132008
44823611161132047
44824151161132010
44824671171263001
4557165 109539001
4557171 109539003
45807671151082001
47661011171179001
47661181171179004
49506841161164012
49507211161164015
49508561171254002
49508621171254003
49513011161161001
49517261181286002
49517321181286005
49518151181289001
49519791181293001
49525591161132049
4953234 114945007
4953240 114945009
4953257 114945011
4953263 114945012
49533231181307011
49533461181307004
49533521181307013
49533691181307007
49533751181307015
49542161171251002
49542221171251003
49542391171251005
49544231171234002
49545411181319002
49545581181319005
49546301171178012
49546761181313001
49547071151066002
49547131151066003
49548021181314001
49548191181314003
49548251181314002
49548311181314004
49548481181315001
49548541181315002
49552621181323001
49559771151006002
49559831151006003
49564741181306001
4956480 112782005
49566171181332001
49566231181333001
49570021181352001
49571371181264011
49571721181264008
49571891181264010
49572031191411001
49573151181296002
49574561171249006
49574621171249009
49574851181330001
49577811181328001
49590241181342001
49602401191355002
49602631181327001
49604701151059006
49604871151059007
49608371181264012
49609261191358001
49624051191356002
49624111191356003
4963037 113846002
49631031161161003
49631261191377001
49631321191377005
49635631171229014
49635861171229010
49636691191370001
49640601181293004
49647461181329001
49649761181336001
49649821181336002
49649991181336003
49650071181336004
49650131181336005
49650361181336006
49650421181336007
4965243 113871001
4965266 113871002
4965272 113871003
49654091161159001
49654151161159003
49657111191385001
49657281191385002
49658811191380001
49658981191379001
49659061191379003
49659931151043003
49660011151043005
49660821191374001
49660991191374002
49661071191374003
49661131191374004
49661361191374005
49664491171252002
49666271191355003
49674201191375001
49677271191383004
49677561191383010
49677621191383013
49677791191383019
49677851191383025
49677911191383003
4968106 111717003
49691001191404001
49694071191410002
49694131191410003
49694361191410004
49701841191414001
49701901191414002
49702091191414003
49702211181313002
49705861151002003
4971396 112782006
49719471191358003
49728001201438002
49728751201438001
49728811201439002
49728981201439006
49729061201439010
49729411201439001
49729581201439005
49729641201439009
49730011191389001
49738341191406001
49741301201468001
49746151201432001
49752821201422001
49752991201422005
49753071201422014
49753131201422011
49767781201429002
49767901201429006
49768151201429010
4977080 114923002
4977097 114923003
4977105 114923005
4977111 114923006
49773351201442001
49773411201442002
49783811201425007
49783981201425002
49784291201424007
49784351201424002
4979877 112782007
49798831181306002
49802021181340004
49804261201460001
49804321201460002
49813601161135001
49827961151030002
49828561201494002
49828911201480001
49829221201480003
49836661201481001
49836721201481003
4983703 112755002
4983726 112755011
4983732 112755020
49839101171209001
49839561171209003
49840741171209013
49841631171209021
49842751171209029
49845591191373001
49845651191373002
4984594 111712006
4984602 111712013
4984619 111712020
4984625 111712027
49855991201482002
49870491211532003
49870551191373003
49891081191385004
49895511191361003
49895681191361002
49895801201526001
49895971201526002
49903011211550001
49903181211550002
4990407 106346002
49904361211531001
49905021201498002
49905311211561023
49905481211561024
49905601211561001
49905831211561012
49906081211561013
49908671211544001
49910451181316002
49910681181316004
49910801181316012
49911051181316007
49911281181316009
49911401181316013
49911631181316014
49926591211589005
49926651211589002
49928141181336009
49931101211589008
49931271211589007
49932971171173002
49933051171173004
49936821191404006
50481581171260001
50481641171260002
50481701171260003
50481871171260004
5285734 109539007
55000551211530006
55000781211530001
55000841211530008
55000901211530009
55001211211530012
55001441211530002
55001501211530003
55003451211575002
55003511211575006
55003741211593004
55003801211593009
55003971211593014
55007011211576001
55014741211567001
55019881151031019
55019941211558001
55027521201513006
55027691201513010
55028411201519001
55028581201519002
55028641201519003
55028701201519004
55028871201519005
55028931201519006
55029011201519007
55029181201519008
55029241201519009
55029301201519010
55029471201519011
55029531201519012
55029761201519013
55029821201519014
5503183 114946025
55032951191412002
55033261191412006
55033491191412010
55033551191412012
55035911211605002
55040991201491002
55041071201491004
55042191201490002
55042251201490004
55042311201490007
55042481201490009
55042541201490011
55042601201490014
55042771201490017
55046041171209011
55046101171209041
55046271171209042
55057271201468002
55058451211616001
55058511211616002
55058741211616006
55058801211616007
55075021151028011
55075191151028015
55075771151028020
55075831211605001
55078211211571007
55078381211571015
55083581201512002
55084761221625001
55086021191383016
55088321211599001
55090911221628001
55105271211553003
55107631191404010
55107861151043009
55116271201524001
55120701171235004
55120871171235005
5512213 108465003
5512236 108465001
55123481221677001
55123541221677003
55126381221657001
55131061171254008
55131931151009006
55132011151009007
55132181151009011
55132241151009012
55133361221645002
55133421221645001
55133591221645003
55134541151028010
55141751211621001
55141811211621002
5514643 113853013
55149621231716001
55149791231716002
55149851231716003
55149911231716004
55150161231716005
55150221231716006
55150391231716007
55150451231716008
55154531221642001
55161511221681001
55161801201473004
55161971201473005
55162051201473001
55162111201473002
55162281201473003
55162401191361004
55162571191361005
55175641221672001
55175701221672002
55175871221672003
55185751181323003
55200811231718002
55200981231718006
55206261201479004
55206841231722001
55206901231722002
55215481221665004
55215541221665005
55215601221665012
55215771221665013
55215831221665014
55216081221665022
55216141221665023
55217321181323004
55221051231736001
55221111231736004
55223061221638002
55223121221638003
55223291221638004
55224471231790001
55239781231784001
55239841231784004
55239901231784005
55249661211575001
55252331231757002
55252561231757001
55254051211575005
5526439 108494007
5526445 108494006
55265861161135002
55269651231788001
55269711231788002
55276921231754011
55277001231754008
55277171231754001
55277231231754003
55277461231754005
55277811221674002
55288461161147010
55288521161147012
55288691161147014
55302571231774001
55304411231782001
55304581231782002
55304641231782003
55305531231765002
55305761231765008
5530984 112782009
5530990 112782008
55310091201468004
55310151201468003
5531073 109539002
55314231231765001
55314461231765007
55321091241824001
55321151241824002
55321381241824004
55321441241824005
55321501241824006
55321671241824007
55343151211565003
55345221231786001
55348581231730001
55348641231730002
5535042 113882010
5535059 113882009
55366791181315003
55366851181315004
55369171211620001
55369231211620002
55369461211620003
55369521211620004
55369811241801001
55369981241801002
55370061241801003
55370351241795001
55370411241795002
55370581241795003
55370641241795004
55370701241795005
55372131241850001
55372361241850002
55372421241850003
55372591241850004
55376091191361007
55399331171231003
55403851241820001
55403911241820002
55405571241823004
55405631241823002
55405861241823003
55410541241792001
55410601241792003
55411081241832001
55411141241832002
55411201241832003
55411371241832004
55411431241832005
55411661241832006
55411721241832007
55411891241832008
55415681241830002
55415741241830004
55416051241830006
55416111241830008
55416401241830010
55416571241830012
55416921241830014
55417001241830016
55418061241855001
5542384 111706002
5542390 111706003
5542409 111706008
5542415 111706009
5542421 111706013
5542438 111706014
5542444 111706019
5542450 111706020
5542467 111706024
5542473 111706025
5542496 111706035
5542504 111706036
5542510 111706030
5542527 111706031
55426161241886001
55426221241886005
55426391241845004
55426451241845012
55426511241845022
56799761221678001
60504821221638001
60508031241844003
60508261241844001
60508321241844002
60528541241906001
60533511241875001
60540951241872003
60541031241872002
60541261241872001
60558581241863003
60558641241863001
60558701241863002
60564381241898001
60564441211531002
60588971241801004
60589051241081005
6063450 108463013
60638691211530002
60638751211530003
60638811211530005
60638981211530006
60639061211530008
60639121211530009
60639291211530011
60639351211530012
60639411211530001
